00,00,00,00,00,00,00,00,00,00,00,00,00,00,00,00,
06,02,02,02,02,02,02,02,02,02,02,02,02,02,02,07,
03,01,01,01,01,01,01,01,01,01,01,01,01,01,01,04,
03,01,01,01,01,01,01,01,01,01,01,01,01,01,01,04,
03,01,01,01,01,01,01,01,01,01,01,01,01,01,01,04,
03,01,01,01,01,01,01,01,01,01,01,01,01,01,01,04,
03,01,01,01,01,01,01,01,01,01,01,01,01,01,01,13,
03,01,01,01,01,01,01,01,01,01,01,01,01,01,01,01,
03,01,01,01,01,01,01,01,01,01,01,01,01,01,01,11,
03,01,01,01,01,01,01,01,01,01,01,01,01,01,01,04,
03,01,01,01,01,01,01,01,01,01,01,01,01,01,01,04,
03,01,01,01,01,01,01,01,01,01,01,01,01,01,01,04,
03,01,01,01,01,01,01,01,01,01,01,01,01,01,01,04,
03,01,01,01,01,01,01,01,01,01,01,01,01,01,01,04,
08,05,05,05,05,05,05,05,05,05,05,05,05,05,05,09,
00,00,00,00,00,00,00,00,00,00,00,00,00,00,00,00,
0,0,1,0